function [ X, y ] = DataGenerator( N )

%数据可以是随机产生的，也可以是用下方矩阵截取的
%这样设计是为了保证多次实验使用同样的数据

%X = rand(N,1);
X = [0.118907558219845;0.650181148301737;0.178899912608483;0.919854108058750;0.555616728397525;0.929961851168603;0.321445798171207;0.535497951929982;0.861541592008529;0.824039042920457;0.444894999943138;0.422216499686049;0.104086602945463;0.608781375637430;0.193630622678006;0.626097512939333;0.165131817294095;0.625434000097254;0.479319078563128;0.872373759739693;0.216272892753600;0.548489755587899;0.0442761817833652;0.987227638559375;0.425965392531060;0.753573244213155;0.761604945840599;0.452745688158287;0.744019979809978;0.126219916256357;0.108712423939115;0.525033797162904;0.432186974392176;0.802605862524551;0.329732115283355;0.164594887779254;0.972260853874559;0.802881709879834;0.782435635746238;0.332209065255501;0.154880226460795;0.433688779256687;0.947035539268100;0.414700356721901;0.637469592629435;0.0438880220369806;0.597338982587062;0.322391138768930;0.475942960960871;0.595089561155079;0.367866755487244;0.568352173753013;0.388651371031664;0.948424189082716;0.560824624796265;0.356498289834951;0.862535443725515;0.861336389662243;0.561735645110092;0.672420589638419;0.668032517312457;0.717494507379800;0.375039556022439;0.934318731858537;0.0922105051204814;0.593853088208639;0.0599061801961192;0.880515583091734;0.797508073232580;0.641348602185854;0.803732464929721;0.194418811371919;0.720922072233337;0.397139620638693;0.100593409602541;0.964909587781395;0.534326005250434;0.974501656792706;0.888876067031278;0.211449713799404;0.804247393241236;0.765976703953730;0.154595830216135;0.875440143354608;0.00636129033144661;0.482103228259781;0.865389698561101;0.776861704651889;0.341554634336814;0.174007179148808;0.0969972419995498;0.565396659912707;0.608291138312068;0.209512967857529;0.556809772134110;0.0381243472819210;0.791008027270643;0.861328079724631;0.657344377894258;0.999933861494954];
%y = sin(X.*2*pi) + randn(N,1)*0.1;
y = [0.579858169047580;-0.832389984792784;0.828732384243244;-0.470452808844018;-0.422479951003150;-0.395291397387722;0.926172671173564;-0.116969106550776;-0.838193778149256;-0.798857553998058;0.427392355106608;0.326342391112487;0.623633197889601;-0.606290250783126;0.959145994836184;-0.730385609614730;0.996010867037011;-0.873865262123308;0.136668664759480;-0.748119876316139;1.13355328590518;-0.560322344133264;0.188326491315289;-0.0137095891492788;0.421847348029066;-1.07389620502478;-1.00475656414532;0.205246471502390;-1.07491173330466;0.756716184504968;0.765189287861904;-0.272803706863018;0.346936195657969;-1.01286556684942;0.906040324704663;0.861091089951148;-0.205881616925362;-0.984223832558263;-0.891923606227507;0.884336906701667;0.999803568106895;0.498530103361023;-0.220030520253484;0.487978202011596;-0.730341921389512;0.376385885469887;-0.489349980347442;0.836205022446378;0.00217347382035846;-0.632733163823629;0.907144975188520;-0.659730287323253;0.600777382893008;-0.370340120578385;-0.386216360856734;0.842749931181913;-0.742004096365696;-0.506058179612786;-0.373387404188194;-0.902069651430828;-0.788008998097991;-0.976766242550903;0.782470917674058;-0.456995506555782;0.612076209133347;-0.427183163805453;0.368228472448296;-0.711454151113390;-0.812980942488454;-0.815307765746932;-0.889324673753956;0.692399821371964;-0.966462579989446;0.605049964521341;0.605808544454485;-0.136288287798405;-0.292111017887689;-0.102001427497861;-0.759262647454141;0.808867392487452;-1.00802294274761;-0.992235741449020;0.968841985643549;-0.763801411329639;0.0637856425021764;0.248457367785236;-0.746859976128228;-0.815836448373036;0.766937621787460;0.944755877865963;0.596979913860633;-0.603756093890094;-0.725540524596933;0.982250795406439;-0.328304241767545;0.0873625135334328;-1.05599729860724;-0.662860226320163;-0.933677996642019;0.0251010981030849];

X = X(1:N);
y = y(1:N);
end

